 <pre>

 Contingency table for Cloud base (m)
 Selection: METCOOP    234 stations
Period: 20240501-20240517
Used {00,06,12,18} + 01 02 ... 12
 Limits    70.0000000       150.000000       300.000000       600.000000       1000.00000       1500.00000       2500.00000       5000.00000    
 Each class is data <= limit, the very last > last limit
 Total number of values      136369
                                                       OBSERVATION
                                    431      453      248      114       64      101      144      105      278 |      1938
                                    267      532      523      144       56       57       36       13       35 |      1663
                                    210      622     1431      464      135       94       71       26       33 |      3086
                                    144      321     1276     2187      891      313      131       35       90 |      5388
                     MNWC_prod      115      160      508     1104     2208     1442      386      111      223 |      6257
                                     98      110      272      459     1117     3562     2283      344      715 |      8960
                                     62      117      192      322      483     1905     6223     1592     1110 |     12006
                                     42       40      131      182      217      354     1489     2859      799 |      6113
                                    145      209      576     1011     1735     4410     9101     8421    65350 |     90958

                    SUM            1514     2564     5157     5987     6906    12238    19864    13506    68633 |    136369
                                                       OBSERVATION
                                    331      349      210       83       55       67       74       32       74 |      1275
                                    211      423      480       94       35       27        9        5       17 |      1301
                                    170      557     1194      459       96       81       46       20       27 |      2650
                                    166      402     1193     1865      828      300      113       52       93 |      5012
                   MNWC2_preop      137      224      556     1119     2154     1358      392      104      219 |      6263
                                    114      150      363      573     1266     3474     2109      312      501 |      8862
                                     93      142      324      443      636     2580     6958     2125     1265 |     14566
                                     52       55      161      215      239      368     1756     3801     1403 |      8050
                                    240      262      676     1136     1597     3983     8407     7055    65034 |     88390

                    SUM            1514     2564     5157     5987     6906    12238    19864    13506    68633 |    136369

