 <pre>

 Contingency table for Visibility (m)
 Selection: METCOOP    268 stations
Period: 20240501-20240517
Used {00,06,12,18} + 00 01 ... 12
 Limits    1000.00000       5000.00000       10000.0000       20000.0000    
 Each class is data <= limit, the very last > last limit
 Total number of values      194872
                                     OBSERVATION
                                    365      329      224      336     1078 |      2332
                                    356     1113      748     1322     3488 |      7027
                     MNWC_prod      292      706      920     1900     6315 |     10133
                                    297      437      968     3353    25788 |     30843
                                    225      683     1943    15165   126521 |    144537

                    SUM            1535     3268     4803    22076   163190 |    194872
                                     OBSERVATION
                                    220      260      168      198      473 |      1319
                                    315     1162      787     1352     2990 |      6606
                   MNWC2_preop      287      712      874     1795     5369 |      9037
                                    357      459     1018     3249    24403 |     29486
                                    356      675     1956    15482   129955 |    148424

                    SUM            1535     3268     4803    22076   163190 |    194872

