 <pre>

 Contingency table for Low clouds (octas)
 Selection: METCOOP    231 stations
Period: 20240501-20240517
Used {00,06,12,18} + 01 02 ... 12
 Limits    1.00000000       2.00000000       3.00000000       4.00000000       5.00000000       6.00000000       7.00000000    
 Each class is data <= limit, the very last > last limit
 Total number of values      139185
                                              OBSERVATION
                                  85039     1096     1096      678      774      682     1534     3247 |     94146
                                   2022      186      244      176      196      193      463     1088 |      4568
                                   1360      126      172      141      173      134      480      975 |      3561
                     MNWC_prod     1032      142      184      122      165      155      454      967 |      3221
                                    820      114      145       98      161      137      506      999 |      2980
                                    839      118      140      132      156      155      545     1127 |      3212
                                    970      171      215      186      224      224      806     1826 |      4622
                                   1829      839      836      807      914     1007     3503    13140 |     22875

                    SUM           93911     2792     3032     2340     2763     2687     8291    23369 |    139185
                                              OBSERVATION
                                  85651     1141     1066      738      789      706     1598     3518 |     95207
                                   1810      185      241      155      182      167      435     1077 |      4252
                                   1268      145      193      138      149      156      389      977 |      3415
                   MNWC2_preop     1049      108      169      131      142      149      374      964 |      3086
                                    834      124      155      109      158      134      478     1035 |      3027
                                    782      128      154      124      201      146      568     1249 |      3352
                                    917      159      233      180      252      209      908     1948 |      4806
                                   1600      802      821      765      890     1020     3541    12601 |     22040

                    SUM           93911     2792     3032     2340     2763     2687     8291    23369 |    139185

