 <pre>

 Contingency table for Rh2m (%)
 Selection: METCOOP    525 stations
Period: 20240501-20240517
Used {00,06,12,18} + 00 01 ... 12
 Limits    30.0000000       50.0000000       65.0000000       75.0000000       85.0000000       95.0000000       100.000000    
 Each class is data <= limit, the very last > last limit
 Total number of values      414480
                                              OBSERVATION
                                   2128      666       17        4        0        0        0        0 |      2815
                                   8947    44152     5081      673      178       28        6        0 |     59065
                                    944    31509    38477     8681     2585      656       87        0 |     82939
                     MNWC_prod      134     6124    26363    23866    10623     2917      436        0 |     70463
                                     46     2038    13066    23382    28301    11718     1632        0 |     80183
                                      7      537     4542    10209    23039    32785     9590        0 |     80709
                                      0       76      850     2058     5446    14085    15239        0 |     37754
                                      0        0        0       27       33      168      324        0 |       552

                    SUM           12206    85102    88396    68900    70205    62357    27314        0 |    414480
                                              OBSERVATION
                                   2720      945       30        5        1        0        0        0 |      3701
                                   8382    48394     6746     1169      342       89        6        0 |     65128
                                    875    28017    41643    11096     3779     1123      147        0 |     86680
                   MNWC2_preop      154     5260    24018    24882    12493     3845      522        0 |     71174
                                     55     1795    11071    21306    29091    13655     2020        0 |     78993
                                     18      587     4052     8702    20071    32277    10758        0 |     76465
                                      2      104      831     1736     4409    11261    13780        0 |     32123
                                      0        0        5        4       19      107       81        0 |       216

                    SUM           12206    85102    88396    68900    70205    62357    27314        0 |    414480

